Confusion matrix
[[11  0  3  1  0  4  5  4  0  0  0  2  0  0  0]
 [ 1  4  2  4  0  4  0  5  1  0  0  4  0  0  5]
 [ 0  0 18  0  0  7  4  0  1  0  0  0  0  0  0]
 [ 2  1  0  9  0  0  0  5  3  0  0  3  2  2  3]
 [ 2  0  0  6  6  0  0  1  1  2  1  2  4  1  4]
 [ 0  0  1  1  0 15  4  1  1  0  0  2  1  0  4]
 [ 0  1  0  3  0 10 10  0  2  0  0  3  0  0  1]
 [ 5  2  2  2  0 10  1  8  0  0  0  0  0  0  0]
 [ 2  1  0  1  0  6  1  6  4  1  0  4  2  2  0]
 [ 0  1  0  0  1  0  0  0  0 19  0  0  7  1  1]
 [ 2  1  0  0  3  3  1  4  0  1  3  2  4  4  2]
 [ 0  0  0  0  0  7  1  2  0  1  1  4  3  6  5]
 [ 1  0  0  1  3  0  0  0  0  4  1  1 15  2  2]
 [ 3  0  1  1  2  1  0  0  2  0  2  1  2  9  6]
 [ 0  1  2  0  0  3  0  5  0  4  0  0  0  8  7]]

Test Accuracy:  0.31555555555555553

Run time: 06 hrs 41 mins 04.20 sec