Confusion matrix
[[ 24   0   0   4   0   4   6   2   0   1   0   0   0   0   0]
 [ 11   7   3  19  40   8   4  10   8  36   0  12   0   1   1]
 [  0   0 117   0   0   4   7   0   0   0   0   0   0   0   0]
 [  4   0   1  20  10   8   9   1   4   1   0   1   1   0   0]
 [  5   4   0  18  37   9   2  10   7  13   0   3   0   0   0]
 [ 13   0   5   3   9  92  15  21  15   0   0   1   0   0   0]
 [ 19   0  41   7   2  47  82   4   4   0   0   4   0   0   0]
 [  4   0   0   3   4  16   2  48  11   1   0   2   0   1   0]
 [ 11   1   0   7  26  32   9  24  21  13   0   8   1   3   0]
 [  0   0   0   0   1   0   0   0   0  12   0   0   2   0   0]
 [  1   0   0   2   0   0   1   0   1   3   1   1   3   2   1]
 [  3   0   0   5  11   8  10   4   6   2   7  14   4  11  26]
 [  0   0   0   1   0   0   0   0   0   1   3   0   4   0   1]
 [  1   0   0   1   8   1   0   5   3  18   6   1   8  28   9]
 [  1   2   1   2  11  25   2   1  10   1   6  11   2   6  34]]

Test Accuracy:  0.3643097643097643
Run time: 03 hrs 05 mins