Confusion matrix
[[ 8  0  4  0  0  0 10  6  0  0  0  1  0  0  1]
 [ 0  2  3  5  0  0  0  9  0  0  0  2  0  1  8]
 [ 0  0 18  0  0  4  7  0  1  0  0  0  0  0  0]
 [ 5  2  0  6  0  3  0  7  1  0  0  2  0  0  4]
 [ 0  0  0  4  5  0  0  3  0  3  2  2  2  5  4]
 [ 0  0  5  1  1  8  3  1  4  0  0  0  0  0  7]
 [ 1  0  3  1  0  7  8  7  0  0  0  2  0  0  1]
 [ 6  3  2  0  0 11  1  7  0  0  0  0  0  0  0]
 [ 3  1  1  2  1  2  2  6  3  1  0  4  0  2  2]
 [ 0  0  0  1  0  0  0  0  0 17  0  0  8  4  0]
 [ 0  2  1  1  3  1  1  5  0  0  0  2  4  9  1]
 [ 0  0  2  0  0  5  1  2  0  1  0  0  1 10  8]
 [ 2  2  0  1  0  0  0  0  0  2  4  0 11  4  4]
 [ 2  0  1  0  0  0  1  1  0  1  1  2  1 12  8]
 [ 0  0  3  0  2  0  0  4  1  5  0  1  1  3 10]]

Test Accuracy:  0.25555555555555554

Run time: 02 hrs 17 mins 03.65 sec